4
0 1 0 1 0 1 0 1 0 1
1 0 1 0 1 0 1 0 1 0
0 1 0 1 0 1 0 1 0 1
1 0 1 0 1 0 1 0 1 0
0 1 0 1 0 1 0 1 0 1
1 0 1 0 1 0 1 0 1 0
0 1 0 1 0 1 0 1 0 1
1 0 1 0 1 0 1 0 1 0
0 1 0 1 0 1 0 1 0 1
1 0 1 0 1 0 1 0 1 0
0 0 0 0 0 0 0 0 0 0 0 5
0 0 0 0 0 0 0 0 0 0 5 0
0 0 0 0 0 0 0 0 0 5 0 0
0 0 0 0 0 0 0 0 5 0 0 0
0 0 0 0 0 0 0 5 0 0 0 0
0 0 0 0 0 0 5 0 0 0 0 0
0 0 0 0 0 5 0 0 0 0 0 0
0 0 0 0 5 0 0 0 0 0 0 0
0 0 0 5 0 0 0 0 0 0 0 0
0 0 5 0 0 0 0 0 0 0 0 0
0 5 0 0 0 0 0 0 0 0 0 0
5 0 0 0 0 0 0 0 0 0 0 0
2 0A
3 3B
4 7B
1 9L