1
0 0 0
0 0 50 30 40 50
1
0 0 0
50 0 0 0 50 0
2
0 0 0
100 0 0
0 0 50 100 0 50
3
0 0 0
100 0 0
0 100 0
100 50 0 50 100 0
7
0 0 0
100 0 0
-100 0 0
0 100 0
0 -100 0
0 0 100
0 0 -100
150 0 0 -150 0 0
6
0 0 0
100 0 0
0 100 0
100 100 0
0 0 100
100 100 100
100 0 50 0 100 50
6
0 0 0
100 0 0
0 100 0
100 100 0
0 0 100
100 100 100
100 100 150 0 0 150
6
0 0 0
100 0 0
0 100 0
100 100 100
100 0 100
0 100 100
0 0 50 100 100 50
8
0 0 0
-100 0 0
-100 100 0
-100 200 0
0 200 0
100 200 0
100 200 100
100 100 100
0 0 50 100 100 50
0