210 150 3 3
4 9 19 121 10 Rate your contest experience
9 29 33 10 43 29 10 10 Terrible
57 29 32 10 90 29 10 10 Neutral
104 29 16 10 121 29 10 10 OK
135 29 31 10 167 29 10 10 Perfect
4 9 49 150 10 How hard did you find the problems?
9 59 42 10 52 59 10 10 Very hard
66 59 22 10 89 59 10 10 Hard
103 59 23 10 127 59 10 10 Easy
141 59 27 10 169 59 10 10 Trivial
5 9 109 182 10 Which programming languages did you use?
9 119 22 10 32 119 10 10 Java
46 119 9 10 56 119 10 10 C
70 119 20 10 91 119 10 10 C++
105 119 31 10 137 119 10 10 Python
151 119 14 10 166 119 10 10 C#
0 50 35 0
210 105 180 150
0 113 27 150