30
275810186 246609547
122805872 99671769
243507947 220373844
281305347 252104708
237805644 214671541
172469077 149334974
222589229 229887956
160653451 208404690
241378966 211098219
144302355 224755786
186392385 163258282
199129390 169928751
294937491 265736852
196096122 172962019
314342944 285142305
202720470 166337671
157037485 133903382
263858979 240724876
210720220 181519581
296402036 267201397
186021287 183036854
195081930 173976211
328293029 299092390
261195361 238061258
323595085 294394446
299933764 270733125
240976723 128081418
188501753 165367650
277832422 248631783
119896220 96762117