11
5 1 3 5 8 10
5 0 2 4 6 9
5 1 3 5 6 10
4 0 2 4 6
4 1 3 5 7
5 0 2 4 6 8
6 1 2 3 5 7 9
4 4 6 8 10
4 0 5 7 9
4 1 6 8 10
4 0 2 7 9
11
10 1 2 3 4 5 6 7 8 9 10
10 0 2 3 4 5 6 7 8 9 10
10 0 1 3 4 5 6 7 8 9 10
10 0 1 2 4 5 6 7 8 9 10
10 0 1 2 3 5 6 7 8 9 10
10 0 1 2 3 4 6 7 8 9 10
10 0 1 2 3 4 5 7 8 9 10
10 0 1 2 3 4 5 6 8 9 10
10 0 1 2 3 4 5 6 7 9 10
10 0 1 2 3 4 5 6 7 8 10
10 0 1 2 3 4 5 6 7 8 9
12
11 1 2 3 4 5 6 7 8 9 10 11
11 0 2 3 4 5 6 7 8 9 10 11
11 0 1 3 4 5 6 7 8 9 10 11
11 0 1 2 4 5 6 7 8 9 10 11
11 0 1 2 3 5 6 7 8 9 10 11
11 0 1 2 3 4 6 7 8 9 10 11
11 0 1 2 3 4 5 7 8 9 10 11
11 0 1 2 3 4 5 6 8 9 10 11
11 0 1 2 3 4 5 6 7 9 10 11
11 0 1 2 3 4 5 6 7 8 10 11
11 0 1 2 3 4 5 6 7 8 9 11
11 0 1 2 3 4 5 6 7 8 9 10
0