12
179948747891578 I
263779425244614 I
320153642407146 G
383698990675423 J
478483318441339 J
505589213620811 G
507468309040564 O
530441288489671 J
730036011088087 O
896127332008998 I
899298512463927 O
915990785839829 J
10
744829561026263 366031656398270
700496830781726 684771674298690
314138534887378 222241904398827
695615197615084 632164325876673
418419052313523 409258287819812
932490604948180 62799105708059
738126150487131 45378717857226
320047965627255 918203067583346
859632377126681 967370566306944
115848334010451 834089404672067