+---+---+---+---+---+---+---+---+---+
| 1 | 2 | 3 | 4 | 5 | 6 | 7   8   9 |
+   +   +   +   +   +   +---+---+---+
| 4 | 5 | 6 | 7 | 8 | 9 | 1   2   3 |
+   +---+---+---+---+---+---+---+   +
| 7 | 8   9   1 | 2   3   4 | 5 | 6 |
+---+---+---+---+---+---+---+   +---+
| 2 | 3   1 | 5   6 | 4   8 | 9 | 7 |
+   +---+---+---+---+---+   +---+   +
| 5 | 6   4 | 8   9 | 7 | 2 | 3 | 1 |
+---+---+---+---+---+   +---+   +---+
| 8   9 | 7   2 | 3   1   5 | 6 | 4 |
+---+---+---+---+---+---+---+---+   +
| 3   1   2 | 6   4 | 5   9 | 7   8 |
+---+---+---+---+---+---+---+   +   +
| 6   4   5 | 9   7   8 | 3 | 1   2 |
+---+---+---+---+---+   +   +---+---+
| 9   7 | 8   3   1 | 2 | 6   4   5 |
+---+---+---+---+---+---+---+---+---+
9 8 18
2 1 12
1 2 7
1 3 9
1 4 11
1 5 13
1 6 15
1 8 24
2 7 12
3 2 18
3 5 9
3 8 14
4 1 7
4 2 4
4 4 11
4 6 14
4 9 8
5 2 10
5 4 17
5 6 16
5 8 9
6 1 17
6 3 9
6 9 22
7 1 6
7 4 10
7 6 14
8 1 15
8 4 26
9 1 16
9 3 12