START
3 0 0 0 0 3 0 0 0 3
1 0 0 0 1 0 0 0 0 0
4 0 0 0 0 0 0 4 0 0
0 0 2 0 0 0 0 0 0 2
5 0 0 0 0 0 0 0 0 0
0 2 0 0 0 0 0 2 0 2
0 0 0 4 0 0 0 0 0 0
0 2 0 0 0 0 0 0 0 0
END
START
9 9 9 9 9 9 9 9 9 9
0 0 0 0 0 0 0 0 0 0
0 0 0 0 0 0 0 0 0 0
0 0 0 0 0 0 0 0 0 0
0 0 0 0 0 0 0 0 0 0
0 0 0 0 0 0 0 0 0 0
0 0 0 0 0 0 0 0 0 0
0 0 0 0 0 0 0 0 0 0
END
START
1 0 0 0 0 0 0 0 0 0
0 1 0 0 0 0 0 0 0 0
0 0 1 0 0 0 0 0 0 0
0 0 0 1 0 0 0 0 0 0
0 0 0 1 0 0 0 0 0 0
0 0 0 0 1 0 0 0 0 0
0 0 0 0 0 0 0 0 0 0
0 0 0 0 0 0 0 0 0 0
END